"""Date""","""Price"""
"""2009-07-01""",1.7
"""2009-07-02""",1.71
"""2009-07-05""",1.62
"""2009-07-06""",1.55
"""2009-07-07""",1.63
"""2009-07-08""",1.51
"""2009-07-09""",1.43
"""2009-07-12""",1.44
"""2009-07-13""",1.36
"""2009-07-14""",1.46
"""2009-07-15""",1.48
"""2009-07-16""",1.57
"""2009-07-20""",1.62
"""2009-07-21""",1.55
"""2009-07-22""",1.56
"""2009-07-23""",1.57
"""2009-07-26""",1.76
"""2009-07-27""",1.72
"""2009-07-28""",1.73
"""2009-07-29""",1.68
"""2009-07-30""",1.72
"""2009-08-02""",1.73
"""2009-08-03""",1.8
"""2009-08-04""",1.79
"""2009-08-05""",1.82
"""2009-08-06""",1.81
"""2009-08-09""",1.81
"""2009-08-10""",1.81
"""2009-08-11""",1.84
"""2009-08-12""",1.72
"""2009-08-13""",1.8
"""2009-08-16""",1.75
"""2009-08-17""",1.58
"""2009-08-18""",1.69
"""2009-08-19""",1.68
"""2009-08-20""",1.75
"""2009-08-23""",1.78
"""2009-08-24""",1.77
"""2009-08-25""",1.78
"""2009-08-26""",1.81
"""2009-08-27""",1.8
"""2009-08-30""",1.84
"""2009-08-31""",1.83
"""2009-09-01""",1.8
"""2009-09-02""",1.79
"""2009-09-03""",1.84
"""2009-09-06""",1.87
"""2009-09-07""",1.94
"""2009-09-08""",1.96
"""2009-09-09""",1.94
"""2009-09-10""",1.97
"""2009-09-13""",1.95
"""2009-09-14""",1.91
"""2009-09-15""",1.94
"""2009-09-16""",2
"""2009-09-17""",2.21
"""2009-09-23""",2.45
"""2009-09-24""",2.4
"""2009-09-27""",2.4
"""2009-09-28""",2.31
"""2009-09-29""",2.35
"""2009-09-30""",2.38
"""2009-10-01""",2.38
"""2009-10-04""",2.38
"""2009-10-05""",2.48
"""2009-10-06""",2.53
"""2009-10-07""",2.47
"""2009-10-08""",2.52
"""2009-10-11""",2.56
"""2009-10-12""",2.65
"""2009-10-13""",2.56
"""2009-10-14""",2.68
"""2009-10-15""",2.67
"""2009-10-18""",2.56
"""2009-10-19""",2.63
"""2009-10-20""",2.57
"""2009-10-21""",2.5
"""2009-10-22""",2.5
"""2009-10-25""",2.49
"""2009-10-26""",2.65
"""2009-10-27""",2.62
"""2009-10-28""",2.56
"""2009-10-29""",2.34
"""2009-11-01""",2.14
"""2009-11-02""",2.33
"""2009-11-03""",2.11
"""2009-11-04""",2.23
"""2009-11-05""",2.22
"""2009-11-08""",2.22
"""2009-11-09""",2.28
"""2009-11-10""",2.33
"""2009-11-11""",2.38
"""2009-11-12""",2.32
"""2009-11-15""",2.29
"""2009-11-16""",2.34
"""2009-11-17""",2.3
"""2009-11-18""",2.27
"""2009-11-19""",2.2
"""2009-11-22""",2.12
"""2009-11-23""",2.21
"""2009-11-24""",2.13
"""2009-11-25""",2.17
"""2009-11-30""",1.96
"""2009-12-01""",1.77
"""2009-12-06""",1.86
"""2009-12-07""",1.68
"""2009-12-08""",1.52
"""2009-12-09""",1.37
"""2009-12-10""",1.57
"""2009-12-13""",1.69
"""2009-12-14""",1.94
"""2009-12-15""",1.88
"""2009-12-16""",1.95
"""2009-12-17""",1.91
"""2009-12-20""",1.82
"""2009-12-21""",1.86
"""2009-12-22""",1.88
"""2009-12-23""",1.79
"""2009-12-24""",1.83
"""2009-12-27""",1.86
"""2009-12-28""",1.95
"""2009-12-29""",1.85
"""2009-12-30""",1.86
"""2009-12-31""",1.88
"""2010-01-03""",1.97
"""2010-01-04""",1.89
"""2010-01-05""",1.88
"""2010-01-06""",1.88
"""2010-01-07""",1.89
"""2010-01-10""",1.87
"""2010-01-11""",1.85
"""2010-01-12""",1.81
"""2010-01-13""",1.69
"""2010-01-14""",1.69
"""2010-01-17""",1.61
"""2010-01-18""",1.65
"""2010-01-19""",1.61
"""2010-01-20""",1.63
"""2010-01-21""",1.59
"""2010-01-24""",1.44
"""2010-01-25""",1.55
"""2010-01-26""",1.45
"""2010-01-27""",1.49
"""2010-01-28""",1.58
"""2010-01-31""",1.55
"""2010-02-01""",1.59
"""2010-02-02""",1.64
"""2010-02-03""",1.65
"""2010-02-04""",1.64
"""2010-02-07""",1.6
"""2010-02-08""",1.62
"""2010-02-09""",1.62
"""2010-02-10""",1.57
"""2010-02-11""",1.59
"""2010-02-14""",1.5
"""2010-02-15""",1.49
"""2010-02-16""",1.53
"""2010-02-17""",1.52
"""2010-02-18""",1.51
"""2010-02-21""",1.52
"""2010-02-22""",1.5
"""2010-02-23""",1.45
"""2010-02-24""",1.41
"""2010-02-25""",1.43
"""2010-02-28""",1.45
"""2010-03-01""",1.44
"""2010-03-02""",1.43
"""2010-03-03""",1.41
"""2010-03-04""",1.41
"""2010-03-07""",1.45
"""2010-03-08""",1.5
"""2010-03-09""",1.55
"""2010-03-10""",1.59
"""2010-03-11""",1.66
"""2010-03-14""",1.82
"""2010-03-15""",1.8
"""2010-03-16""",1.85
"""2010-03-17""",1.71
"""2010-03-18""",1.74
"""2010-03-21""",1.85
"""2010-03-22""",1.81
"""2010-03-23""",1.83
"""2010-03-24""",1.8
"""2010-03-25""",1.94
"""2010-03-28""",1.97
"""2010-03-29""",1.88
"""2010-03-30""",1.91
"""2010-03-31""",1.9
"""2010-04-01""",1.92
"""2010-04-04""",1.98
"""2010-04-05""",1.99
"""2010-04-06""",1.97
"""2010-04-07""",1.92
"""2010-04-08""",1.87
"""2010-04-11""",1.96
"""2010-04-12""",1.98
"""2010-04-13""",1.95
"""2010-04-14""",1.97
"""2010-04-15""",1.95
"""2010-04-18""",1.9
"""2010-04-19""",1.85
"""2010-04-20""",1.86
"""2010-04-21""",1.81
"""2010-04-22""",1.85
"""2010-04-25""",1.82
"""2010-04-26""",1.8
"""2010-04-27""",1.76
"""2010-04-28""",1.69
"""2010-04-29""",1.77
"""2010-05-02""",1.73
"""2010-05-03""",1.74
"""2010-05-04""",1.74
"""2010-05-05""",1.75
"""2010-05-06""",1.72
"""2010-05-09""",1.71
"""2010-05-10""",1.79
"""2010-05-11""",1.74
"""2010-05-12""",1.75
"""2010-05-13""",1.73
"""2010-05-16""",1.71
"""2010-05-17""",1.74
"""2010-05-18""",1.75
"""2010-05-19""",1.71
"""2010-05-20""",1.71
"""2010-05-23""",1.7
"""2010-05-24""",1.65
"""2010-05-25""",1.55
"""2010-05-26""",1.59
"""2010-05-27""",1.61
"""2010-05-30""",1.63
"""2010-05-31""",1.59
"""2010-06-01""",1.54
"""2010-06-02""",1.59
"""2010-06-03""",1.58
"""2010-06-06""",1.54
"""2010-06-07""",1.55
"""2010-06-08""",1.54
"""2010-06-09""",1.54
"""2010-06-10""",1.54
"""2010-06-13""",1.57
"""2010-06-14""",1.54
"""2010-06-15""",1.51
"""2010-06-16""",1.49
"""2010-06-17""",1.49
"""2010-06-20""",1.58
"""2010-06-21""",1.61
"""2010-06-22""",1.56
"""2010-06-23""",1.57
"""2010-06-24""",1.55
"""2010-06-27""",1.55
"""2010-06-28""",1.52
"""2010-06-29""",1.46
"""2010-06-30""",1.43
"""2010-07-01""",1.45
"""2010-07-04""",1.44
"""2010-07-05""",1.46
"""2010-07-06""",1.5
"""2010-07-07""",1.46
"""2010-07-08""",1.48
"""2010-07-11""",1.5
"""2010-07-12""",1.49
"""2010-07-13""",1.49
"""2010-07-14""",1.48
"""2010-07-15""",1.51
"""2010-07-18""",1.49
"""2010-07-19""",1.5
"""2010-07-20""",1.5
"""2010-07-21""",1.51
"""2010-07-22""",1.52
"""2010-07-25""",1.47
"""2010-07-26""",1.47
"""2010-07-27""",1.46
"""2010-07-28""",1.47
"""2010-07-29""",1.46
"""2010-08-01""",1.46
"""2010-08-02""",1.45
"""2010-08-03""",1.49
"""2010-08-04""",1.46
"""2010-08-05""",1.48
"""2010-08-08""",1.45
"""2010-08-09""",1.46
"""2010-08-10""",1.45
"""2010-08-11""",1.44
"""2010-08-12""",1.44
"""2010-08-15""",1.42
"""2010-08-16""",1.46
"""2010-08-17""",1.47
"""2010-08-18""",1.46
"""2010-08-19""",1.47
"""2010-08-22""",1.46
"""2010-08-23""",1.47
"""2010-08-24""",1.46
"""2010-08-25""",1.45
"""2010-08-26""",1.47
"""2010-08-29""",1.47
"""2010-08-30""",1.44
"""2010-08-31""",1.43
"""2010-09-01""",1.44
"""2010-09-02""",1.45
"""2010-09-05""",1.52
"""2010-09-06""",1.6
"""2010-09-07""",1.66
"""2010-09-13""",1.76
"""2010-09-14""",1.76
"""2010-09-15""",1.76
"""2010-09-16""",1.78
"""2010-09-19""",1.83
"""2010-09-20""",1.81
"""2010-09-21""",1.8
"""2010-09-22""",1.75
"""2010-09-23""",1.75
"""2010-09-26""",1.82
"""2010-09-27""",1.77
"""2010-09-28""",1.77
"""2010-09-29""",1.79
"""2010-09-30""",1.75
"""2010-10-03""",1.76
"""2010-10-04""",1.76
"""2010-10-05""",1.77
"""2010-10-06""",1.8
"""2010-10-07""",1.83
"""2010-10-10""",1.86
"""2010-10-11""",1.85
"""2010-10-12""",1.83
"""2010-10-13""",1.84
"""2010-10-14""",1.82
"""2010-10-17""",1.8
"""2010-10-18""",1.79
"""2010-10-19""",1.79
"""2010-10-20""",1.8
"""2010-10-21""",1.76
"""2010-10-24""",1.78
"""2010-10-25""",1.77
"""2010-10-26""",1.76
"""2010-10-27""",1.71
"""2010-10-28""",1.76
"""2010-10-31""",1.74
"""2010-11-01""",1.76
"""2010-11-02""",1.71
"""2010-11-03""",1.7
"""2010-11-04""",1.7
"""2010-11-07""",1.64
"""2010-11-08""",1.53
"""2010-11-09""",1.57
"""2010-11-10""",1.53
"""2010-11-11""",1.5
"""2010-11-14""",1.51
"""2010-11-21""",1.54
"""2010-11-22""",1.56
"""2010-11-23""",1.52
"""2010-11-24""",1.51
"""2010-11-25""",1.5
"""2010-11-28""",1.5
"""2010-11-29""",1.55
"""2010-11-30""",1.52
"""2010-12-01""",1.56
"""2010-12-06""",1.61
"""2010-12-07""",1.61
"""2010-12-08""",1.58
"""2010-12-09""",1.57
"""2010-12-12""",1.55
"""2010-12-13""",1.54
"""2010-12-14""",1.52
"""2010-12-15""",1.49
"""2010-12-16""",1.51
"""2010-12-19""",1.5
"""2010-12-20""",1.49
"""2010-12-21""",1.5
"""2010-12-22""",1.48
"""2010-12-23""",1.49
"""2010-12-26""",1.49
"""2010-12-27""",1.46
"""2010-12-28""",1.46
"""2010-12-29""",1.5
"""2010-12-30""",1.51
"""2011-01-02""",1.54
"""2011-01-03""",1.53
"""2011-01-04""",1.52
"""2011-01-05""",1.52
"""2011-01-06""",1.53
"""2011-01-09""",1.52
"""2011-01-10""",1.51
"""2011-01-11""",1.5
"""2011-01-12""",1.5
"""2011-01-13""",1.49
"""2011-01-16""",1.46
"""2011-01-17""",1.47
"""2011-01-18""",1.49
"""2011-01-19""",1.47
"""2011-01-20""",1.46
"""2011-01-23""",1.46
"""2011-01-24""",1.48
"""2011-01-25""",1.46
"""2011-01-26""",1.47
"""2011-01-27""",1.44
"""2011-01-30""",1.38
"""2011-01-31""",1.38
"""2011-02-01""",1.4
"""2011-02-02""",1.47
"""2011-02-03""",1.46
"""2011-02-06""",1.48
"""2011-02-07""",1.46
"""2011-02-08""",1.44
"""2011-02-09""",1.43
"""2011-02-10""",1.42
"""2011-02-13""",1.45
"""2011-02-14""",1.43
"""2011-02-15""",1.44
"""2011-02-16""",1.42
"""2011-02-20""",1.37
"""2011-02-21""",1.32
"""2011-02-22""",1.23
"""2011-02-23""",1.27
"""2011-02-24""",1.26
"""2011-02-27""",1.26
"""2011-02-28""",1.21
"""2011-03-01""",1.23
"""2011-03-02""",1.17
"""2011-03-03""",1.11
"""2011-03-06""",1.16
"""2011-03-07""",1.12
"""2011-03-08""",1.17
"""2011-03-09""",1.2
"""2011-03-10""",1.23
"""2011-03-13""",1.31
"""2011-03-14""",1.26
"""2011-03-15""",1.19
"""2011-03-16""",1.2
"""2011-03-17""",1.23
"""2011-03-20""",1.3
"""2011-03-21""",1.29
"""2011-03-22""",1.31
"""2011-03-23""",1.34
"""2011-03-24""",1.35
"""2011-03-27""",1.32
"""2011-03-28""",1.32
"""2011-03-29""",1.29
"""2011-03-30""",1.28
"""2011-03-31""",1.31
"""2011-04-03""",1.31
"""2011-04-04""",1.3
"""2011-04-05""",1.28
"""2011-04-06""",1.31
"""2011-04-07""",1.31
"""2011-04-10""",1.31
"""2011-04-11""",1.31
"""2011-04-12""",1.35
"""2011-04-13""",1.35
"""2011-04-14""",1.36
"""2011-04-17""",1.43
"""2011-04-18""",1.43
"""2011-04-19""",1.4
"""2011-04-20""",1.45
"""2011-04-21""",1.46
"""2011-04-24""",1.42
"""2011-04-25""",1.38
"""2011-04-26""",1.34
"""2011-04-27""",1.36
"""2011-04-28""",1.37
"""2011-05-01""",1.35
"""2011-05-02""",1.35
"""2011-05-03""",1.34
"""2011-05-04""",1.32
"""2011-05-05""",1.33
"""2011-05-08""",1.31
"""2011-05-09""",1.27
"""2011-05-10""",1.32
"""2011-05-11""",1.29
"""2011-05-12""",1.27
"""2011-05-15""",1.25
"""2011-05-16""",1.22
"""2011-05-17""",1.26
"""2011-05-18""",1.25
"""2011-05-19""",1.26
"""2011-05-22""",1.25
"""2011-05-23""",1.2
"""2011-05-24""",1.21
"""2011-05-25""",1.19
"""2011-05-26""",1.2
"""2011-05-29""",1.22
"""2011-05-30""",1.2
"""2011-05-31""",1.24
"""2011-06-01""",1.24
"""2011-06-02""",1.22
"""2011-06-05""",1.21
"""2011-06-06""",1.21
"""2011-06-07""",1.21
"""2011-06-08""",1.19
"""2011-06-09""",1.19
"""2011-06-12""",1.19
"""2011-06-13""",1.2
"""2011-06-14""",1.21
"""2011-06-15""",1.27
"""2011-06-16""",1.29
"""2011-06-19""",1.31
"""2011-06-20""",1.25
"""2011-06-21""",1.29
"""2011-06-22""",1.22
"""2011-06-23""",1.18
"""2011-06-26""",1.16
"""2011-06-27""",1.18
"""2011-06-28""",1.15
"""2011-06-29""",1.17
"""2011-07-03""",1.21
"""2011-07-04""",1.2
"""2011-07-05""",1.21
"""2011-07-06""",1.19
"""2011-07-07""",1.2
"""2011-07-10""",1.21
"""2011-07-11""",1.19
"""2011-07-12""",1.18
"""2011-07-13""",1.19
"""2011-07-14""",1.18
"""2011-07-17""",1.18
"""2011-07-18""",1.16
"""2011-07-19""",1.15
"""2011-07-20""",1.15
"""2011-07-21""",1.15
"""2011-07-24""",1.15
"""2011-07-25""",1.16
"""2011-07-26""",1.15
"""2011-07-27""",1.15
"""2011-07-28""",1.14
"""2011-07-31""",1.16
"""2011-08-01""",1.17
"""2011-08-02""",1.17
"""2011-08-03""",1.16
"""2011-08-04""",1.19
"""2011-08-07""",1.13
"""2011-08-08""",1.12
"""2011-08-09""",1.11
"""2011-08-10""",1.13
"""2011-08-11""",1.11
"""2011-08-14""",1.12
"""2011-08-15""",1.12
"""2011-08-16""",1.12
"""2011-08-17""",1.12
"""2011-08-18""",1.13
"""2011-08-21""",1.11
"""2011-08-22""",1.12
"""2011-08-23""",1.13
"""2011-08-24""",1.12
"""2011-08-25""",1.15
"""2011-08-28""",1.16
"""2011-08-29""",1.15
"""2011-09-04""",1.14
"""2011-09-05""",1.14
"""2011-09-06""",1.14
"""2011-09-07""",1.14
"""2011-09-08""",1.16
"""2011-09-11""",1.15
"""2011-09-12""",1.13
"""2011-09-13""",1.12
"""2011-09-14""",1.13
"""2011-09-15""",1.14
"""2011-09-18""",1.14
"""2011-09-19""",1.12
"""2011-09-20""",1.13
"""2011-09-21""",1.14
"""2011-09-22""",1.13
"""2011-09-25""",1.1
"""2011-09-26""",1.1
"""2011-09-27""",1.09
"""2011-09-28""",1.09
"""2011-09-29""",1.08
"""2011-10-02""",1.08
"""2011-10-03""",1.06
"""2011-10-04""",1.03
"""2011-10-05""",1.03
"""2011-10-06""",1.03
"""2011-10-09""",1.04
"""2011-10-10""",1.02
"""2011-10-11""",1.01
"""2011-10-12""",1.02
"""2011-10-13""",1.02
"""2011-10-16""",0.981
"""2011-10-17""",0.99
"""2011-10-18""",0.962
"""2011-10-19""",0.983
"""2011-10-20""",0.989
"""2011-10-23""",0.989
"""2011-10-24""",0.97
"""2011-10-25""",0.979
"""2011-10-26""",0.969
"""2011-10-27""",1
"""2011-10-30""",1.04
"""2011-10-31""",1.03
"""2011-11-01""",0.993
"""2011-11-02""",1
"""2011-11-03""",1
"""2011-11-09""",1
"""2011-11-10""",0.989
"""2011-11-13""",0.993
"""2011-11-14""",0.982
"""2011-11-15""",0.976
"""2011-11-16""",0.98
"""2011-11-17""",0.971
"""2011-11-20""",0.945
"""2011-11-21""",0.904
"""2011-11-22""",0.9
"""2011-11-23""",0.901
"""2011-11-24""",0.902
"""2011-11-27""",0.895
"""2011-11-28""",0.94
"""2011-11-29""",0.95
"""2011-11-30""",0.957
"""2011-12-04""",0.972
"""2011-12-05""",0.97
"""2011-12-06""",0.95
"""2011-12-07""",0.95
"""2011-12-08""",0.945
"""2011-12-11""",0.959
"""2011-12-12""",0.94
"""2011-12-13""",0.943
"""2011-12-14""",0.93
"""2011-12-15""",0.893
"""2011-12-18""",0.881
"""2011-12-19""",0.875
"""2011-12-20""",0.864
"""2011-12-21""",0.85
"""2011-12-22""",0.851
"""2011-12-25""",0.847
"""2011-12-26""",0.83
"""2011-12-27""",0.83
"""2011-12-28""",0.84
"""2011-12-29""",0.84
"""2012-01-02""",0.833
"""2012-01-03""",0.842
"""2012-01-04""",0.84
"""2012-01-05""",0.84
"""2012-01-08""",0.816
"""2012-01-09""",0.798
"""2012-01-10""",0.798
"""2012-01-11""",0.772
"""2012-01-12""",0.761
"""2012-01-15""",0.753
"""2012-01-16""",0.678
"""2012-01-17""",0.707
"""2012-01-18""",0.743
"""2012-01-19""",0.714
"""2012-01-22""",0.72
"""2012-01-23""",0.725
"""2012-01-24""",0.733
"""2012-01-25""",0.795
"""2012-01-26""",0.8
"""2012-01-29""",0.784
"""2012-01-30""",0.78
"""2012-01-31""",0.81
"""2012-02-01""",0.821
"""2012-02-02""",0.8
"""2012-02-05""",0.823
"""2012-02-06""",0.82
"""2012-02-07""",0.806
"""2012-02-08""",0.822
"""2012-02-09""",0.821
"""2012-02-12""",0.838
"""2012-02-13""",0.855
"""2012-02-14""",0.876
"""2012-02-15""",0.849
"""2012-02-16""",0.841
"""2012-02-19""",0.9
"""2012-02-20""",0.903
"""2012-02-21""",0.925
"""2012-02-22""",0.92
"""2012-02-23""",0.919
"""2012-02-26""",0.997
"""2012-02-27""",0.955
"""2012-02-28""",0.999
"""2012-02-29""",1.07
"""2012-03-01""",1.04
"""2012-03-04""",1.19
"""2012-03-05""",1.24
"""2012-03-06""",1.16
"""2012-03-07""",1.05
"""2012-03-08""",1.13
"""2012-03-11""",1.24
"""2012-03-12""",1.2
"""2012-03-13""",1.23
"""2012-03-14""",1.22
"""2012-03-15""",1.18
"""2012-03-18""",1.14
"""2012-03-19""",1.15
"""2012-03-20""",1.12
"""2012-03-21""",1.15
"""2012-03-22""",1.16
"""2012-03-25""",1.14
"""2012-03-26""",1.14
"""2012-03-27""",1.12
"""2012-03-28""",1.17
"""2012-03-29""",1.15
"""2012-04-01""",1.18
"""2012-04-02""",1.16
"""2012-04-03""",1.23
"""2012-04-04""",1.21
"""2012-04-05""",1.21
"""2012-04-08""",1.21
"""2012-04-09""",1.17
"""2012-04-10""",1.21
"""2012-04-11""",1.2
"""2012-04-12""",1.19
"""2012-04-15""",1.16
"""2012-04-16""",1.14
"""2012-04-17""",1.15
"""2012-04-18""",1.14
"""2012-04-19""",1.15
"""2012-04-22""",1.16
"""2012-04-23""",1.13
"""2012-04-24""",1.18
"""2012-04-25""",1.14
"""2012-04-26""",1.13
"""2012-04-29""",1.13
"""2012-04-30""",1.13
"""2012-05-01""",1.12
"""2012-05-02""",1.12
"""2012-05-03""",1.1
"""2012-05-06""",1.07
"""2012-05-07""",1.09
"""2012-05-08""",1.05
"""2012-05-09""",1.03
"""2012-05-10""",1.01
"""2012-05-13""",0.984
"""2012-05-14""",0.97
"""2012-05-15""",0.971
"""2012-05-16""",0.932
"""2012-05-17""",0.959
"""2012-05-20""",0.955
"""2012-05-21""",0.972
"""2012-05-22""",0.99
"""2012-05-23""",0.975
"""2012-05-24""",0.971
"""2012-05-27""",0.969
"""2012-05-28""",0.968
"""2012-05-29""",0.95
"""2012-05-30""",0.96
"""2012-05-31""",0.945
"""2012-06-03""",0.913
"""2012-06-04""",0.917
"""2012-06-05""",0.931
"""2012-06-06""",0.94
"""2012-06-07""",0.953
"""2012-06-10""",0.96
"""2012-06-11""",0.974
"""2012-06-12""",0.955
"""2012-06-13""",0.96
"""2012-06-14""",0.96
"""2012-06-18""",0.963
"""2012-06-19""",0.977
"""2012-06-20""",0.963
"""2012-06-21""",0.957
"""2012-06-24""",0.946
"""2012-06-25""",0.96
"""2012-06-26""",0.95
"""2012-06-27""",0.943
"""2012-06-28""",0.938
"""2012-07-01""",0.948
"""2012-07-02""",0.944
"""2012-07-03""",0.988
"""2012-07-04""",0.98
"""2012-07-05""",0.995
"""2012-07-08""",0.984
"""2012-07-09""",0.975
"""2012-07-10""",0.967
"""2012-07-11""",0.957
"""2012-07-12""",0.957
"""2012-07-15""",0.968
"""2012-07-16""",0.973
"""2012-07-17""",0.994
"""2012-07-18""",0.993
"""2012-07-19""",0.989
"""2012-07-22""",0.976
"""2012-07-23""",0.963
"""2012-07-24""",0.974
"""2012-07-25""",0.97
"""2012-07-26""",0.966
"""2012-07-29""",0.97
"""2012-07-30""",0.988
"""2012-07-31""",0.977
"""2012-08-01""",0.985
"""2012-08-02""",0.985
"""2012-08-05""",1
"""2012-08-06""",0.989
"""2012-08-07""",0.982
"""2012-08-08""",0.978
"""2012-08-09""",0.985
"""2012-08-12""",0.985
"""2012-08-13""",0.986
"""2012-08-14""",0.986
"""2012-08-15""",0.985
"""2012-08-16""",0.995
"""2012-08-22""",0.989
"""2012-08-23""",0.99
"""2012-08-26""",0.986
"""2012-08-27""",0.97
"""2012-08-28""",0.962
"""2012-08-29""",0.97
"""2012-08-30""",0.946
"""2012-09-02""",0.95
"""2012-09-03""",0.947
"""2012-09-04""",0.946
"""2012-09-05""",0.946
"""2012-09-06""",0.951
"""2012-09-09""",0.962
"""2012-09-10""",0.954
"""2012-09-11""",0.953
"""2012-09-12""",0.966
"""2012-09-13""",0.96
"""2012-09-16""",1.02
"""2012-09-17""",0.99
"""2012-09-18""",0.995
"""2012-09-19""",1.04
"""2012-09-20""",1.02
"""2012-09-23""",0.993
"""2012-09-24""",0.992
"""2012-09-25""",0.993
"""2012-09-26""",0.971
"""2012-09-27""",0.969
"""2012-09-30""",0.975
"""2012-10-01""",1.02
"""2012-10-02""",1
"""2012-10-03""",1.01
"""2012-10-04""",1.03
"""2012-10-07""",1.08
"""2012-10-08""",1.07
"""2012-10-09""",1.07
"""2012-10-10""",1.06
"""2012-10-11""",1.07
"""2012-10-14""",1.06
"""2012-10-15""",1.08
"""2012-10-16""",1.09
"""2012-10-17""",1.09
"""2012-10-18""",1.08
"""2012-10-21""",1.08
"""2012-10-22""",1.09
"""2012-10-23""",1.08
"""2012-10-24""",1.06
"""2012-10-29""",1.05
"""2012-10-30""",1.04
"""2012-10-31""",1.01
"""2012-11-01""",1.03
"""2012-11-04""",1.02
"""2012-11-05""",1.03
"""2012-11-06""",1.02
"""2012-11-07""",1.01
"""2012-11-08""",1.02
"""2012-11-11""",1.01
"""2012-11-12""",1.02
"""2012-11-13""",1
"""2012-11-14""",1.01
"""2012-11-18""",0.985
"""2012-11-19""",0.98
"""2012-11-20""",0.976
"""2012-11-21""",0.977
"""2012-11-22""",0.986
"""2012-11-25""",0.995
"""2012-11-26""",0.979
"""2012-11-27""",0.98
"""2012-11-28""",0.985
"""2012-11-29""",0.993
"""2012-12-04""",0.995
"""2012-12-05""",0.988
"""2012-12-06""",0.988
"""2012-12-09""",0.986
"""2012-12-10""",0.988
"""2012-12-11""",0.983
"""2012-12-12""",0.989
"""2012-12-13""",0.988
"""2012-12-16""",0.983
"""2012-12-17""",0.985
"""2012-12-18""",0.985
"""2012-12-19""",0.986
"""2012-12-20""",0.995
"""2012-12-23""",0.99
"""2012-12-24""",0.986
"""2012-12-25""",0.983
"""2012-12-26""",0.984
"""2012-12-27""",1.02
"""2012-12-30""",1.04
"""2012-12-31""",1.02
"""2013-01-02""",1.06
"""2013-01-03""",1.06
"""2013-01-06""",1.07
"""2013-01-07""",1.06
"""2013-01-08""",1.09
"""2013-01-09""",1.11
"""2013-01-10""",1.15
"""2013-01-13""",1.12
"""2013-01-14""",1.15
"""2013-01-15""",1.14
"""2013-01-16""",1.16
"""2013-01-17""",1.23
"""2013-01-20""",1.24
"""2013-01-21""",1.25
"""2013-01-22""",1.24
"""2013-01-23""",1.25
"""2013-01-27""",1.28
"""2013-01-28""",1.25
"""2013-01-29""",1.28
"""2013-01-30""",1.27
"""2013-01-31""",1.28
"""2013-02-03""",1.23
"""2013-02-04""",1.24
"""2013-02-05""",1.23
"""2013-02-06""",1.22
"""2013-02-07""",1.21
"""2013-02-10""",1.26
"""2013-02-11""",1.24
"""2013-02-12""",1.23
"""2013-02-13""",1.24
"""2013-02-14""",1.22
"""2013-02-17""",1.2
"""2013-02-18""",1.2
"""2013-02-19""",1.2
"""2013-02-20""",1.22
"""2013-02-21""",1.22
"""2013-02-24""",1.22
"""2013-02-25""",1.23
"""2013-02-26""",1.21
"""2013-02-27""",1.23
"""2013-02-28""",1.21
"""2013-03-03""",1.21
"""2013-03-04""",1.18
"""2013-03-05""",1.15
"""2013-03-06""",1.15
"""2013-03-07""",1.13
"""2013-03-10""",1.16
"""2013-03-11""",1.16
"""2013-03-12""",1.18
"""2013-03-13""",1.16
"""2013-03-14""",1.15
"""2013-03-17""",1.16
"""2013-03-18""",1.14
"""2013-03-19""",1.14
"""2013-03-20""",1.13
"""2013-03-21""",1.13
"""2013-03-24""",1.12
"""2013-03-25""",1.12
"""2013-03-26""",1.09
"""2013-03-27""",1.07
"""2013-03-28""",1.09
"""2013-03-31""",1.06
"""2013-04-01""",1.06
"""2013-04-02""",1.07
"""2013-04-03""",1.08
"""2013-04-04""",1.09
"""2013-04-07""",1.08
"""2013-04-08""",1.11
"""2013-04-09""",1.13
"""2013-04-10""",1.15
"""2013-04-11""",1.17
"""2013-04-14""",1.16
"""2013-04-15""",1.16
"""2013-04-16""",1.13
"""2013-04-17""",1.13
"""2013-04-18""",1.13
"""2013-04-21""",1.14
"""2013-04-22""",1.15
"""2013-04-23""",1.17
"""2013-04-24""",1.16
"""2013-04-25""",1.2
"""2013-04-28""",1.22
"""2013-04-29""",1.22
"""2013-04-30""",1.25
"""2013-05-01""",1.23
"""2013-05-02""",1.22
"""2013-05-05""",1.27
"""2013-05-06""",1.29
"""2013-05-07""",1.34
"""2013-05-08""",1.37
"""2013-05-09""",1.34
"""2013-05-12""",1.34
"""2013-05-13""",1.33
"""2013-05-14""",1.36
"""2013-05-15""",1.37
"""2013-05-16""",1.37
"""2013-05-19""",1.4
"""2013-05-20""",1.38
"""2013-05-21""",1.35
"""2013-05-22""",1.35
"""2013-05-23""",1.33
"""2013-05-26""",1.32
"""2013-05-27""",1.36
"""2013-05-28""",1.47
"""2013-05-29""",1.5
"""2013-05-30""",1.63
"""2013-06-02""",1.87
"""2013-06-03""",1.85
"""2013-06-04""",1.96
"""2013-06-05""",2.03
"""2013-06-09""",1.99
"""2013-06-10""",1.92
"""2013-06-11""",1.93
"""2013-06-12""",1.98
"""2013-06-13""",2.01
"""2013-06-16""",1.94
"""2013-06-17""",1.96
"""2013-06-18""",1.96
"""2013-06-19""",1.93
"""2013-06-20""",1.9
"""2013-06-23""",1.79
"""2013-06-24""",1.73
"""2013-06-25""",1.78
"""2013-06-26""",1.72
"""2013-06-27""",1.73
"""2013-06-30""",1.71
"""2013-07-01""",1.79
"""2013-07-02""",1.75
"""2013-07-03""",1.77
"""2013-07-04""",1.76
"""2013-07-07""",1.74
"""2013-07-08""",1.82
"""2013-07-09""",1.84
"""2013-07-10""",1.86
"""2013-07-11""",1.86
"""2013-07-14""",1.92
"""2013-07-15""",1.92
"""2013-07-16""",1.9
"""2013-07-17""",1.99
"""2013-07-18""",1.98
"""2013-07-21""",2.07
"""2013-07-22""",1.99
"""2013-07-23""",2
"""2013-07-24""",1.94
"""2013-07-25""",1.95
"""2013-07-28""",1.92
"""2013-07-29""",1.93
"""2013-07-30""",1.97
"""2013-07-31""",2
"""2013-08-01""",2.01
"""2013-08-04""",2.01
"""2013-08-05""",2.08
"""2013-08-06""",2.12
"""2013-08-11""",2.14
"""2013-08-12""",2.07
"""2013-08-13""",2.09
"""2013-08-14""",2.08
"""2013-08-15""",2.05
"""2013-08-18""",2.02
"""2013-08-19""",2.07
"""2013-08-20""",2.05
"""2013-08-21""",2.05
"""2013-08-22""",2.09
"""2013-08-25""",2.09
"""2013-08-26""",2.11
"""2013-08-27""",1.9
"""2013-08-28""",1.83
"""2013-08-29""",1.8
"""2013-09-01""",1.9
"""2013-09-02""",1.88
"""2013-09-03""",1.79
"""2013-09-04""",1.68
"""2013-09-05""",1.59
"""2013-09-08""",1.59
"""2013-09-09""",1.52
"""2013-09-10""",1.74
"""2013-09-11""",1.8
"""2013-09-12""",1.8
"""2013-09-15""",2
"""2013-09-16""",1.97
"""2013-09-17""",1.94
"""2013-09-18""",1.94
"""2013-09-19""",1.98
"""2013-09-22""",1.97
"""2013-09-23""",1.95
"""2013-09-24""",1.98
"""2013-09-25""",1.98
"""2013-09-26""",1.99
"""2013-09-29""",2.05
"""2013-09-30""",2.05
"""2013-10-01""",2.04
"""2013-10-02""",2.34
"""2013-10-03""",2.21
"""2013-10-06""",2.19
"""2013-10-07""",2.15
"""2013-10-08""",2.18
"""2013-10-09""",2.18
"""2013-10-10""",2.27
"""2013-10-20""",2.33
"""2013-10-21""",2.32
"""2013-10-22""",2.32
"""2013-10-23""",2.29
"""2013-10-24""",2.3
"""2013-10-27""",2.31
"""2013-10-28""",2.3
"""2013-10-29""",2.27
"""2013-10-30""",2.3
"""2013-10-31""",2.33
"""2013-11-04""",2.32
"""2013-11-05""",2.3
"""2013-11-06""",2.29
"""2013-11-07""",2.3
"""2013-11-10""",2.26
"""2013-11-11""",2.2
"""2013-11-12""",2.15
"""2013-11-13""",2.17
"""2013-11-14""",2.19
"""2013-11-17""",2.15
"""2013-11-18""",2.19
"""2013-11-19""",2.17
"""2013-11-20""",2.21
"""2013-11-21""",2.21
"""2013-11-24""",2.19
"""2013-11-25""",2.18
"""2013-11-26""",2.17
"""2013-11-27""",2.17
"""2013-11-28""",2.25
"""2013-12-02""",2.35
"""2013-12-03""",2.3
"""2013-12-04""",2.28
"""2013-12-05""",2.29
"""2013-12-08""",2.32
"""2013-12-09""",2.3
"""2013-12-10""",2.29
"""2013-12-11""",2.28
"""2013-12-12""",2.29
"""2013-12-15""",2.3
"""2013-12-16""",2.27
"""2013-12-17""",2.26
"""2013-12-18""",2.28
"""2013-12-19""",2.3
"""2013-12-22""",2.28
"""2013-12-23""",2.28
"""2013-12-24""",2.29
"""2013-12-25""",2.3
"""2013-12-26""",2.33
"""2013-12-29""",2.28
"""2013-12-30""",2.33
"""2013-12-31""",2.47
"""2014-01-02""",2.51
"""2014-01-05""",2.47
"""2014-01-06""",2.42
"""2014-01-07""",2.4
"""2014-01-08""",2.43
"""2014-01-09""",2.45
"""2014-01-13""",2.5
"""2014-01-14""",2.53
"""2014-01-15""",2.53
"""2014-01-16""",2.54
"""2014-01-19""",2.53
"""2014-01-20""",2.58
"""2014-01-21""",2.56
"""2014-01-22""",2.51
"""2014-01-23""",2.62
"""2014-01-26""",2.56
"""2014-01-27""",2.45
"""2014-01-28""",2.54
"""2014-01-29""",2.57
"""2014-01-30""",2.54
"""2014-02-02""",2.49
"""2014-02-03""",2.57
"""2014-02-04""",2.59
"""2014-02-05""",2.6
"""2014-02-06""",2.71
"""2014-02-09""",2.83
"""2014-02-10""",2.86
"""2014-02-11""",3.06
"""2014-02-12""",3.05
"""2014-02-13""",3.1
"""2014-02-16""",3.33
"""2014-02-17""",3.35
"""2014-02-18""",3.25
"""2014-02-19""",3.24
"""2014-02-20""",3.3
"""2014-02-23""",3.2
"""2014-02-24""",3.19
"""2014-02-25""",3.24
"""2014-02-26""",3.22
"""2014-02-27""",3.24
"""2014-03-02""",3.16
"""2014-03-03""",3.09
"""2014-03-04""",3.1
"""2014-03-05""",3.1
"""2014-03-06""",3.1
"""2014-03-09""",3.1
"""2014-03-10""",3.08
"""2014-03-11""",3
"""2014-03-12""",2.8
"""2014-03-13""",2.87
"""2014-03-16""",2.88
"""2014-03-17""",2.95
"""2014-03-18""",3.07
"""2014-03-19""",3.12
"""2014-03-20""",3.26
"""2014-03-23""",3.32
"""2014-03-24""",3.25
"""2014-03-25""",3.32
"""2014-03-26""",3.33
"""2014-03-27""",3.3
"""2014-03-30""",3.36
"""2014-03-31""",3.42
"""2014-04-01""",3.49
"""2014-04-02""",3.45
"""2014-04-03""",3.43
"""2014-04-06""",3.36
"""2014-04-07""",3.38
"""2014-04-08""",3.51
"""2014-04-09""",3.62
"""2014-04-10""",3.6
"""2014-04-13""",3.53
"""2014-04-14""",3.57
"""2014-04-15""",3.51
"""2014-04-16""",3.53
"""2014-04-17""",3.51
"""2014-04-20""",3.58
"""2014-04-21""",3.64
"""2014-04-22""",3.81
"""2014-04-23""",3.8
"""2014-04-24""",3.82
"""2014-04-27""",3.72
"""2014-04-28""",3.67
"""2014-04-29""",3.68
"""2014-04-30""",3.63
"""2014-05-01""",3.65
"""2014-05-04""",3.8
"""2014-05-05""",3.87
"""2014-05-06""",3.79
"""2014-05-07""",3.63
"""2014-05-08""",3.66
"""2014-05-11""",3.53
"""2014-05-12""",3.62
"""2014-05-13""",3.7
"""2014-05-14""",3.65
"""2014-05-15""",3.65
"""2014-05-18""",3.6
"""2014-05-19""",3.35
"""2014-05-20""",3.2
"""2014-05-21""",3.44
"""2014-05-22""",3.6
"""2014-05-26""",3.75
"""2014-05-27""",3.83
"""2014-05-28""",3.7
"""2014-05-29""",4.25
"""2014-06-01""",4.21
"""2014-06-02""",4.23
"""2014-06-03""",4.17
"""2014-06-04""",4.15
"""2014-06-05""",4.24
"""2014-06-08""",4.12
"""2014-06-09""",4
"""2014-06-10""",3.94
"""2014-06-11""",3.92
"""2014-06-12""",4.04
"""2014-06-15""",3.8
"""2014-06-16""",3.78
"""2014-06-17""",3.79
"""2014-06-18""",3.87
"""2014-06-19""",3.81
"""2014-06-22""",3.75
"""2014-06-23""",3.41
"""2014-06-24""",3.1
"""2014-06-25""",3.2
"""2014-06-26""",3.06
"""2014-06-29""",2.89
"""2014-06-30""",2.61
"""2014-07-01""",2.5
"""2014-07-02""",2.87
"""2014-07-03""",3.02
"""2014-07-06""",3.4
"""2014-07-07""",3.34
"""2014-07-08""",3.22
"""2014-07-09""",3.16
"""2014-07-10""",3.24
"""2014-07-13""",3.22
"""2014-07-14""",3.26
"""2014-07-15""",3.45
"""2014-07-16""",3.64
"""2014-07-17""",3.6
"""2014-07-20""",3.28
"""2014-07-21""",3.44
"""2014-07-22""",3.37
"""2014-07-23""",3.31
"""2014-07-24""",3.28
"""2014-07-27""",3.38
"""2014-07-31""",3.43
"""2014-08-03""",3.4
"""2014-08-04""",3.42
"""2014-08-05""",3.39
"""2014-08-06""",3.25
"""2014-08-07""",3.27
"""2014-08-10""",3.28
"""2014-08-11""",3.38
"""2014-08-12""",3.35
"""2014-08-13""",3.35
"""2014-08-14""",3.35
"""2014-08-17""",3.3
"""2014-08-18""",3.33
"""2014-08-19""",3.38
"""2014-08-20""",3.36
"""2014-08-21""",3.4
"""2014-08-24""",3.5
"""2014-08-25""",3.53
"""2014-08-26""",3.51
"""2014-08-27""",3.47
"""2014-08-28""",3.4
"""2014-08-31""",3.46
"""2014-09-01""",3.54
"""2014-09-02""",3.62
"""2014-09-03""",3.8
"""2014-09-04""",3.73
"""2014-09-07""",3.65
"""2014-09-08""",3.7
"""2014-09-09""",3.68
"""2014-09-10""",3.5
"""2014-09-11""",3.55
"""2014-09-14""",3.58
"""2014-09-15""",3.6
"""2014-09-16""",3.53
"""2014-09-17""",3.54
"""2014-09-18""",3.63
"""2014-09-21""",3.62
"""2014-09-22""",3.58
"""2014-09-23""",3.57
"""2014-09-24""",3.52
"""2014-09-25""",3.47
"""2014-09-28""",3.38
"""2014-09-29""",3.37
"""2014-09-30""",3.36
"""2014-10-01""",3.31
"""2014-10-02""",3.28
"""2014-10-07""",3.24
"""2014-10-08""",3.08
"""2014-10-09""",3.15
"""2014-10-12""",2.84
"""2014-10-13""",2.89
"""2014-10-14""",2.85
"""2014-10-15""",2.78
"""2014-10-16""",2.65
"""2014-10-19""",2.77
"""2014-10-20""",2.67
"""2014-10-21""",2.72
"""2014-10-22""",2.8
"""2014-10-23""",2.83
"""2014-10-26""",2.93
"""2014-10-27""",2.85
"""2014-10-28""",2.82
"""2014-10-29""",2.8
"""2014-10-30""",2.75
"""2014-11-02""",2.79
"""2014-11-03""",2.8
"""2014-11-04""",2.78
"""2014-11-05""",2.73
"""2014-11-06""",2.73
"""2014-11-09""",2.72
"""2014-11-10""",2.81
"""2014-11-11""",2.86
"""2014-11-12""",2.82
"""2014-11-13""",2.86
"""2014-11-16""",2.83
"""2014-11-17""",2.75
"""2014-11-18""",2.79
"""2014-11-19""",2.72
"""2014-11-20""",2.73
"""2014-11-23""",2.75
"""2014-11-24""",2.8
"""2014-11-25""",2.7
"""2014-11-26""",2.56
"""2014-11-27""",2.62
"""2014-11-30""",2.36
"""2014-12-01""",2.4
"""2014-12-04""",2.35
"""2014-12-07""",2.34
"""2014-12-08""",2.21
"""2014-12-09""",2.1
"""2014-12-10""",2.02
"""2014-12-11""",1.83
"""2014-12-14""",1.65
"""2014-12-15""",1.65
"""2014-12-16""",1.49
"""2014-12-17""",1.44
"""2014-12-18""",1.65
"""2014-12-21""",1.89
"""2014-12-22""",2.08
"""2014-12-23""",2.01
"""2014-12-24""",2.08
"""2014-12-25""",2.09
"""2014-12-28""",2.16
"""2014-12-29""",2.11
"""2014-12-30""",1.97
"""2014-12-31""",2.01
"""2015-01-04""",1.95
"""2015-01-05""",1.84
"""2015-01-06""",1.69
"""2015-01-07""",1.83
"""2015-01-08""",1.94
"""2015-01-11""",2.07
"""2015-01-12""",2.01
"""2015-01-13""",2.07
"""2015-01-14""",2.05
"""2015-01-15""",2.08
"""2015-01-18""",2.1
"""2015-01-19""",2.1
"""2015-01-20""",2.08
"""2015-01-21""",2.06
"""2015-01-22""",2.09
"""2015-01-25""",2.06
"""2015-01-26""",1.95
"""2015-01-27""",1.94
"""2015-01-28""",1.96
"""2015-01-29""",1.9
"""2015-02-01""",2.08
"""2015-02-02""",2.06
"""2015-02-03""",2.11
"""2015-02-04""",2.06
"""2015-02-05""",2.05
"""2015-02-08""",2.04
"""2015-02-09""",2.05
"""2015-02-10""",2.03
"""2015-02-11""",2.02
"""2015-02-12""",2.04
"""2015-02-15""",2.14
"""2015-02-16""",2.03
"""2015-02-17""",2.06
"""2015-02-18""",2.04
"""2015-02-19""",2.03
"""2015-02-22""",1.98
"""2015-02-23""",1.99
"""2015-02-24""",1.97
"""2015-02-25""",1.99
"""2015-02-26""",1.97
"""2015-03-01""",1.97
"""2015-03-02""",1.92
"""2015-03-03""",1.88
"""2015-03-04""",1.85
"""2015-03-05""",1.82
"""2015-03-08""",1.81
"""2015-03-09""",1.82
"""2015-03-10""",1.84
"""2015-03-11""",1.78
"""2015-03-12""",1.8
"""2015-03-15""",1.73
"""2015-03-16""",1.71
"""2015-03-17""",1.65
"""2015-03-18""",1.53
"""2015-03-19""",1.62
"""2015-03-22""",1.56
"""2015-03-23""",1.63
"""2015-03-24""",1.61
"""2015-03-25""",1.55
"""2015-03-26""",1.5
"""2015-03-29""",1.52
"""2015-03-30""",1.52
"""2015-03-31""",1.51
"""2015-04-01""",1.51
"""2015-04-02""",1.59
"""2015-04-05""",1.67
"""2015-04-06""",1.74
"""2015-04-07""",1.82
"""2015-04-08""",1.8
"""2015-04-09""",1.78
"""2015-04-12""",1.8
"""2015-04-13""",1.78
"""2015-04-14""",1.8
"""2015-04-15""",1.91
"""2015-04-16""",2.01
"""2015-04-19""",2
"""2015-04-20""",2.01
"""2015-04-21""",2.09
"""2015-04-22""",2.11
"""2015-04-23""",2.09
"""2015-04-26""",2.17
"""2015-04-27""",2.11
"""2015-04-28""",2.11
"""2015-04-29""",2.2
"""2015-04-30""",2.19
"""2015-05-03""",2.08
"""2015-05-04""",2.06
"""2015-05-05""",2.03
"""2015-05-06""",2.08
"""2015-05-07""",2.03
"""2015-05-10""",2.04
"""2015-05-11""",1.96
"""2015-05-12""",1.95
"""2015-05-13""",2
"""2015-05-14""",2
"""2015-05-17""",1.98
"""2015-05-18""",1.96
"""2015-05-19""",2.03
"""2015-05-20""",2.03
"""2015-05-21""",2.01
"""2015-05-24""",1.94
"""2015-05-25""",1.95
"""2015-05-26""",1.93
"""2015-05-27""",1.88
"""2015-05-28""",1.85
"""2015-05-31""",1.81
"""2015-06-01""",1.82
"""2015-06-02""",1.9
"""2015-06-03""",1.94
"""2015-06-04""",1.91
"""2015-06-07""",1.85
"""2015-06-08""",1.88
"""2015-06-09""",2.03
"""2015-06-10""",2.08
"""2015-06-11""",1.95
"""2015-06-14""",2
"""2015-06-15""",2.01
"""2015-06-16""",1.96
"""2015-06-17""",2
"""2015-06-18""",1.95
"""2015-06-21""",2
"""2015-06-22""",2.02
"""2015-06-23""",2.04
"""2015-06-24""",2.05
"""2015-06-25""",2.07
"""2015-06-28""",1.96
"""2015-06-29""",1.92
"""2015-06-30""",1.98
"""2015-07-01""",1.96
"""2015-07-02""",1.95
"""2015-07-05""",1.93
"""2015-07-06""",1.94
"""2015-07-07""",1.95
"""2015-07-08""",1.89
"""2015-07-09""",1.92
"""2015-07-12""",1.92
"""2015-07-13""",1.95
"""2015-07-14""",1.96
"""2015-07-15""",1.99
"""2015-07-20""",2.03
"""2015-07-21""",2.01
"""2015-07-22""",2
"""2015-07-23""",1.99
"""2015-07-26""",1.97
"""2015-07-27""",1.96
"""2015-07-28""",1.91
"""2015-07-29""",1.93
"""2015-07-30""",1.93
"""2015-08-02""",1.93
"""2015-08-03""",1.93
"""2015-08-04""",1.9
"""2015-08-05""",1.96
"""2015-08-06""",1.91
"""2015-08-09""",1.9
"""2015-08-10""",1.87
"""2015-08-11""",1.87
"""2015-08-12""",1.84
"""2015-08-13""",1.81
"""2015-08-16""",1.78
"""2015-08-17""",1.77
"""2015-08-18""",1.69
"""2015-08-19""",1.72
"""2015-08-20""",1.64
"""2015-08-23""",1.49
"""2015-08-24""",1.55
"""2015-08-25""",1.69
"""2015-08-26""",1.61
"""2015-08-27""",1.68
"""2015-08-30""",1.71
"""2015-08-31""",1.72
"""2015-09-01""",1.65
"""2015-09-02""",1.62
"""2015-09-03""",1.66
"""2015-09-06""",1.64
"""2015-09-07""",1.66
"""2015-09-08""",1.67
"""2015-09-09""",1.72
"""2015-09-10""",1.72
"""2015-09-13""",1.69
"""2015-09-14""",1.67
"""2015-09-15""",1.68
"""2015-09-16""",1.7
"""2015-09-17""",1.67
"""2015-09-20""",1.66
"""2015-09-21""",1.7
"""2015-09-22""",1.68
"""2015-09-27""",1.67
"""2015-09-28""",1.68
"""2015-09-29""",1.67
"""2015-09-30""",1.68
"""2015-10-01""",1.68
"""2015-10-04""",1.68
"""2015-10-05""",1.75
"""2015-10-06""",1.74
"""2015-10-07""",1.75
"""2015-10-08""",1.73
"""2015-10-11""",1.75
"""2015-10-12""",1.77
"""2015-10-13""",1.77
"""2015-10-14""",1.77
"""2015-10-18""",1.76
"""2015-10-19""",1.76
"""2015-10-20""",1.72
"""2015-10-21""",1.65
"""2015-10-22""",1.6
"""2015-10-25""",1.6
"""2015-10-26""",1.56
"""2015-10-27""",1.5
"""2015-10-28""",1.45
"""2015-10-29""",1.43
"""2015-11-01""",1.38
"""2015-11-02""",1.41
"""2015-11-03""",1.42
"""2015-11-04""",1.35
"""2015-11-05""",1.35
"""2015-11-08""",1.28
"""2015-11-09""",1.26
"""2015-11-10""",1.19
"""2015-11-11""",1.22
"""2015-11-12""",1.16
"""2015-11-15""",1.06
"""2015-11-16""",1.09
"""2015-11-17""",1.12
"""2015-11-18""",1.12
"""2015-11-19""",1.16
"""2015-11-22""",1.18
"""2015-11-23""",1.15
"""2015-11-24""",1.13
"""2015-11-25""",1.14
"""2015-11-26""",1.13
"""2015-11-29""",1.11
"""2015-11-30""",1.19
"""2015-12-06""",1.18
"""2015-12-07""",1.13
"""2015-12-08""",1.08
"""2015-12-09""",1.09
"""2015-12-10""",1.09
"""2015-12-13""",1.08
"""2015-12-14""",1.1
"""2015-12-15""",1.08
"""2015-12-16""",1.13
"""2015-12-17""",1.16
"""2015-12-20""",1.13
"""2015-12-21""",1.16
"""2015-12-22""",1.23
"""2015-12-23""",1.22
"""2015-12-27""",1.22
"""2015-12-28""",1.18
"""2015-12-29""",1.21
"""2015-12-30""",1.23
"""2015-12-31""",1.23
"""2016-01-03""",1.21
"""2016-01-04""",1.16
"""2016-01-05""",1.14
"""2016-01-06""",1.15
"""2016-01-07""",1.11
"""2016-01-10""",1.11
"""2016-01-11""",1.12
"""2016-01-12""",1.11
"""2016-01-13""",1.12
"""2016-01-14""",1.06
"""2016-01-17""",1.01
"""2016-01-18""",1.01
"""2016-01-19""",1.06
"""2016-01-20""",1.04
"""2016-01-21""",1.02
"""2016-01-24""",1.11
"""2016-01-25""",1.05
"""2016-01-26""",1.06
"""2016-01-27""",1.07
"""2016-01-28""",1.14
"""2016-01-31""",1.19
"""2016-02-01""",1.19
"""2016-02-02""",1.18
"""2016-02-03""",1.18
"""2016-02-04""",1.19
"""2016-02-07""",1.16
"""2016-02-08""",1.16
"""2016-02-09""",1.14
"""2016-02-10""",1.12
"""2016-02-11""",1.09
"""2016-02-14""",1.1
"""2016-02-15""",1.12
"""2016-02-16""",1.14
"""2016-02-17""",1.13
"""2016-02-18""",1.17
"""2016-02-21""",1.16
"""2016-02-22""",1.22
"""2016-02-23""",1.22
"""2016-02-24""",1.2
"""2016-02-25""",1.21
"""2016-02-28""",1.28
"""2016-02-29""",1.38
"""2016-03-01""",1.42
"""2016-03-02""",1.3
"""2016-03-03""",1.35
"""2016-03-06""",1.4
"""2016-03-07""",1.39
"""2016-03-08""",1.4
"""2016-03-09""",1.38
"""2016-03-10""",1.39
"""2016-03-13""",1.39
"""2016-03-14""",1.38
"""2016-03-15""",1.37
"""2016-03-16""",1.39
"""2016-03-17""",1.37
"""2016-03-20""",1.36
"""2016-03-21""",1.37
"""2016-03-22""",1.37
"""2016-03-23""",1.36
"""2016-03-24""",1.33
"""2016-03-27""",1.31
"""2016-03-28""",1.33
"""2016-03-29""",1.33
"""2016-03-30""",1.37
"""2016-03-31""",1.36
"""2016-04-03""",1.34
"""2016-04-04""",1.38
"""2016-04-05""",1.41
"""2016-04-06""",1.39
"""2016-04-07""",1.4
"""2016-04-10""",1.44
"""2016-04-11""",1.43
"""2016-04-12""",1.45
"""2016-04-13""",1.53
"""2016-04-14""",1.58
"""2016-04-17""",1.55
"""2016-04-18""",1.54
"""2016-04-19""",1.55
"""2016-04-20""",1.52
"""2016-04-21""",1.55
"""2016-04-24""",1.53
"""2016-04-25""",1.53
"""2016-04-26""",1.54
"""2016-04-27""",1.51
"""2016-04-28""",1.53
"""2016-05-01""",1.49
"""2016-05-02""",1.43
"""2016-05-03""",1.31
"""2016-05-04""",1.32
"""2016-05-08""",1.31
"""2016-05-09""",1.3
"""2016-05-10""",1.3
"""2016-05-11""",1.33
"""2016-05-12""",1.31
"""2016-05-15""",1.28
"""2016-05-16""",1.25
"""2016-05-17""",1.27
"""2016-05-18""",1.26
"""2016-05-19""",1.24
"""2016-05-22""",1.21
"""2016-05-23""",1.24
"""2016-05-24""",1.26
"""2016-05-25""",1.28
"""2016-05-26""",1.28
"""2016-05-29""",1.27
"""2016-05-30""",1.27
"""2016-05-31""",1.23
"""2016-06-01""",1.25
"""2016-06-02""",1.23
"""2016-06-05""",1.24
"""2016-06-06""",1.25
"""2016-06-07""",1.27
"""2016-06-08""",1.29
"""2016-06-09""",1.31
"""2016-06-12""",1.29
"""2016-06-13""",1.29
"""2016-06-14""",1.29
"""2016-06-15""",1.28
"""2016-06-16""",1.26
"""2016-06-19""",1.28
"""2016-06-20""",1.27
"""2016-06-21""",1.28
"""2016-06-22""",1.3
"""2016-06-23""",1.29
"""2016-06-26""",1.26
"""2016-06-27""",1.25
"""2016-06-28""",1.24
"""2016-06-29""",1.26
"""2016-06-30""",1.26
"""2016-07-03""",1.28
"""2016-07-04""",1.28
"""2016-07-10""",1.3
"""2016-07-11""",1.32
"""2016-07-12""",1.34
"""2016-07-13""",1.36
"""2016-07-14""",1.36
"""2016-07-17""",1.37
"""2016-07-18""",1.38
"""2016-07-19""",1.38
"""2016-07-20""",1.39
"""2016-07-21""",1.38
"""2016-07-24""",1.35
"""2016-07-25""",1.37
"""2016-07-26""",1.34
"""2016-07-27""",1.33
"""2016-07-28""",1.33
"""2016-07-31""",1.32
"""2016-08-01""",1.35
"""2016-08-02""",1.31
"""2016-08-03""",1.29
"""2016-08-04""",1.32
"""2016-08-07""",1.34
"""2016-08-08""",1.34
"""2016-08-09""",1.34
"""2016-08-10""",1.32
"""2016-08-11""",1.31
"""2016-08-14""",1.32
"""2016-08-15""",1.37
"""2016-08-16""",1.44
"""2016-08-17""",1.4
"""2016-08-18""",1.39
"""2016-08-21""",1.4
"""2016-08-22""",1.36
"""2016-08-23""",1.36
"""2016-08-24""",1.32
"""2016-08-25""",1.32
"""2016-08-28""",1.35
"""2016-08-29""",1.34
"""2016-08-30""",1.35
"""2016-08-31""",1.34
"""2016-09-01""",1.36
"""2016-09-04""",1.38
"""2016-09-05""",1.38
"""2016-09-06""",1.38
"""2016-09-07""",1.34
"""2016-09-08""",1.35
"""2016-09-15""",1.34
"""2016-09-18""",1.33
"""2016-09-19""",1.33
"""2016-09-20""",1.33
"""2016-09-21""",1.32
"""2016-09-22""",1.36
"""2016-09-25""",1.34
"""2016-09-26""",1.34
"""2016-09-27""",1.31
"""2016-09-28""",1.31
"""2016-09-29""",1.31
"""2016-10-03""",1.27
"""2016-10-04""",1.27
"""2016-10-05""",1.25
"""2016-10-06""",1.22
"""2016-10-09""",1.22
"""2016-10-10""",1.21
"""2016-10-11""",1.24
"""2016-10-12""",1.21
"""2016-10-13""",1.23
"""2016-10-16""",1.2
"""2016-10-17""",1.2
"""2016-10-18""",1.22
"""2016-10-19""",1.22
"""2016-10-20""",1.21
"""2016-10-23""",1.19
"""2016-10-24""",1.18
"""2016-10-25""",1.15
"""2016-10-26""",1.14
"""2016-10-27""",1.15
"""2016-10-30""",1.14
"""2016-10-31""",1.15
"""2016-11-01""",1.14
"""2016-11-02""",1.13
"""2016-11-03""",1.15
"""2016-11-06""",1.14
"""2016-11-07""",1.13
"""2016-11-08""",1.15
"""2016-11-09""",1.13
"""2016-11-10""",1.14
"""2016-11-13""",1.12
"""2016-11-14""",1.1
"""2016-11-15""",1.1
"""2016-11-16""",1.09
"""2016-11-17""",1.13
"""2016-11-20""",1.13
"""2016-11-21""",1.13
"""2016-11-22""",1.13
"""2016-11-23""",1.2
"""2016-11-24""",1.17
"""2016-11-27""",1.17
"""2016-11-28""",1.12
"""2016-11-29""",1.16
"""2016-11-30""",1.14
"""2016-12-04""",1.19
"""2016-12-05""",1.19
"""2016-12-06""",1.22
"""2016-12-07""",1.28
"""2016-12-08""",1.3
"""2016-12-12""",1.35
"""2016-12-13""",1.31
"""2016-12-14""",1.28
"""2016-12-15""",1.29
"""2016-12-18""",1.27
"""2016-12-19""",1.27
"""2016-12-20""",1.26
"""2016-12-21""",1.27
"""2016-12-22""",1.26
"""2016-12-25""",1.27
"""2016-12-26""",1.28
"""2016-12-27""",1.26
"""2016-12-28""",1.26
"""2016-12-29""",1.25
"""2017-01-02""",1.27
"""2017-01-03""",1.3
"""2017-01-04""",1.3
"""2017-01-05""",1.32
"""2017-01-08""",1.38
"""2017-01-09""",1.4
"""2017-01-10""",1.4
"""2017-01-11""",1.38
"""2017-01-12""",1.38
"""2017-01-15""",1.36
"""2017-01-16""",1.33
"""2017-01-17""",1.35
"""2017-01-18""",1.37
"""2017-01-19""",1.36
"""2017-01-22""",1.36
"""2017-01-23""",1.36
"""2017-01-24""",1.36
"""2017-01-25""",1.31
"""2017-01-26""",1.32
"""2017-01-29""",1.31
"""2017-01-30""",1.32
"""2017-01-31""",1.29
"""2017-02-01""",1.27
"""2017-02-02""",1.28
"""2017-02-05""",1.28
"""2017-02-06""",1.33
"""2017-02-07""",1.37
"""2017-02-08""",1.37
"""2017-02-09""",1.39
"""2017-02-12""",1.51
"""2017-02-13""",1.48
"""2017-02-14""",1.48
"""2017-02-15""",1.54
"""2017-02-16""",1.55
"""2017-02-19""",1.55
"""2017-02-20""",1.5
"""2017-02-21""",1.42
"""2017-02-22""",1.47
"""2017-02-23""",1.45
"""2017-02-26""",1.43
"""2017-02-27""",1.41
"""2017-02-28""",1.46
"""2017-03-01""",1.41
"""2017-03-02""",1.4
"""2017-03-05""",1.36
"""2017-03-06""",1.36
"""2017-03-07""",1.35
"""2017-03-08""",1.37
"""2017-03-09""",1.35
"""2017-03-12""",1.32
"""2017-03-13""",1.33
"""2017-03-14""",1.29
"""2017-03-15""",1.28
"""2017-03-16""",1.33
"""2017-03-19""",1.32
"""2017-03-20""",1.29
"""2017-03-21""",1.3
"""2017-03-22""",1.27
"""2017-03-23""",1.26
"""2017-03-26""",1.26
"""2017-03-27""",1.25
"""2017-03-28""",1.25
"""2017-03-29""",1.24
"""2017-03-30""",1.25
"""2017-04-02""",1.25
"""2017-04-03""",1.3
"""2017-04-04""",1.31
"""2017-04-05""",1.29
"""2017-04-06""",1.27
"""2017-04-09""",1.26
"""2017-04-10""",1.25
"""2017-04-11""",1.26
"""2017-04-12""",1.25
"""2017-04-13""",1.22
"""2017-04-16""",1.17
"""2017-04-17""",1.17
"""2017-04-18""",1.19
"""2017-04-19""",1.18
"""2017-04-20""",1.18
"""2017-04-24""",1.16
"""2017-04-25""",1.18
"""2017-04-26""",1.18
"""2017-04-27""",1.15
"""2017-04-30""",1.15
"""2017-05-01""",1.16
"""2017-05-02""",1.18
"""2017-05-03""",1.16
"""2017-05-04""",1.18
"""2017-05-07""",1.16
"""2017-05-08""",1.15
"""2017-05-09""",1.17
"""2017-05-10""",1.15
"""2017-05-11""",1.16
"""2017-05-14""",1.14
"""2017-05-15""",1.13
"""2017-05-16""",1.12
"""2017-05-17""",1.14
"""2017-05-18""",1.12
"""2017-05-21""",1.14
"""2017-05-22""",1.12
"""2017-05-23""",1.08
"""2017-05-24""",1.06
"""2017-05-25""",1.07
"""2017-05-28""",1.04
"""2017-05-29""",1.09
"""2017-05-30""",1.11
"""2017-05-31""",1.09
"""2017-06-01""",1.1
"""2017-06-04""",1.09
"""2017-06-05""",1.08
"""2017-06-06""",1.14
"""2017-06-07""",1.17
"""2017-06-08""",1.16
"""2017-06-11""",1.14
"""2017-06-12""",1.17
"""2017-06-13""",1.18
"""2017-06-14""",1.18
"""2017-06-15""",1.18
"""2017-06-18""",1.19
"""2017-06-19""",1.17
"""2017-06-20""",1.17
"""2017-06-21""",1.13
"""2017-06-22""",1.13
"""2017-06-28""",1.14
"""2017-06-29""",1.11
"""2017-07-02""",1.11
"""2017-07-03""",1.12
"""2017-07-04""",1.13
"""2017-07-05""",1.15
"""2017-07-06""",1.16
"""2017-07-09""",1.15
"""2017-07-10""",1.16
"""2017-07-11""",1.15
"""2017-07-12""",1.17
"""2017-07-13""",1.2
"""2017-07-16""",1.22
"""2017-07-17""",1.22
"""2017-07-18""",1.23
"""2017-07-19""",1.22
"""2017-07-20""",1.19
"""2017-07-23""",1.21
"""2017-07-24""",1.18
"""2017-07-25""",1.15
"""2017-07-26""",1.16
"""2017-07-27""",1.16
"""2017-07-30""",1.18
"""2017-07-31""",1.19
"""2017-08-01""",1.21
"""2017-08-02""",1.21
"""2017-08-03""",1.23
"""2017-08-06""",1.22
"""2017-08-07""",1.2
"""2017-08-08""",1.19
"""2017-08-09""",1.18
"""2017-08-10""",1.2
"""2017-08-13""",1.19
"""2017-08-14""",1.17
"""2017-08-15""",1.16
"""2017-08-16""",1.16
"""2017-08-17""",1.17
"""2017-08-20""",1.16
"""2017-08-21""",1.15
"""2017-08-22""",1.16
"""2017-08-23""",1.15
"""2017-08-24""",1.15
"""2017-08-27""",1.14
"""2017-08-28""",1.15
"""2017-08-29""",1.14
"""2017-08-30""",1.13
"""2017-09-04""",1.13
"""2017-09-05""",1.15
"""2017-09-06""",1.14
"""2017-09-07""",1.14
"""2017-09-10""",1.15
"""2017-09-11""",1.15
"""2017-09-12""",1.15
"""2017-09-13""",1.15
"""2017-09-14""",1.14
"""2017-09-17""",1.13
"""2017-09-18""",1.13
"""2017-09-19""",1.15
"""2017-09-20""",1.13
"""2017-09-24""",1.12
"""2017-09-25""",1.11
"""2017-09-26""",1.12
"""2017-09-27""",1.11
"""2017-09-28""",1.11
"""2017-10-01""",1.09
"""2017-10-02""",1.1
"""2017-10-03""",1.11
"""2017-10-04""",1.14
"""2017-10-05""",1.14
"""2017-10-08""",1.14
"""2017-10-09""",1.15
"""2017-10-10""",1.15
"""2017-10-11""",1.16
"""2017-10-12""",1.17
"""2017-10-15""",1.16
"""2017-10-16""",1.17
"""2017-10-17""",1.18
"""2017-10-18""",1.17
"""2017-10-19""",1.18
"""2017-10-22""",1.17
"""2017-10-23""",1.16
"""2017-10-24""",1.16
"""2017-10-25""",1.17
"""2017-10-26""",1.18
"""2017-10-29""",1.17
"""2017-10-30""",1.16
"""2017-10-31""",1.16
"""2017-11-01""",1.16
"""2017-11-02""",1.17
"""2017-11-05""",1.14
"""2017-11-06""",1.14
"""2017-11-07""",1.12
"""2017-11-08""",1.1
"""2017-11-09""",1.1
"""2017-11-12""",1.12
"""2017-11-13""",1.12
"""2017-11-14""",1.13
"""2017-11-15""",1.11
"""2017-11-16""",1.14
"""2017-11-19""",1.14
"""2017-11-20""",1.14
"""2017-11-21""",1.15
"""2017-11-22""",1.16
"""2017-11-23""",1.14
"""2017-11-26""",1.12
"""2017-11-27""",1.11
"""2017-11-28""",1.09
"""2017-11-29""",1.1
"""2017-12-04""",1.12
"""2017-12-05""",1.11
"""2017-12-06""",1.1
"""2017-12-07""",1.11
"""2017-12-10""",1.1
"""2017-12-11""",1.1
"""2017-12-12""",1.12
"""2017-12-13""",1.13
"""2017-12-14""",1.12
"""2017-12-17""",1.11
"""2017-12-18""",1.11
"""2017-12-19""",1.12
"""2017-12-20""",1.12
"""2017-12-21""",1.11
"""2017-12-24""",1.11
"""2017-12-25""",1.11
"""2017-12-26""",1.11
"""2017-12-27""",1.12
"""2017-12-28""",1.12
"""2018-01-02""",1.13
"""2018-01-03""",1.14
"""2018-01-04""",1.15
"""2018-01-07""",1.16
"""2018-01-08""",1.15
"""2018-01-09""",1.16
"""2018-01-10""",1.15
"""2018-01-11""",1.14
"""2018-01-14""",1.15
"""2018-01-15""",1.15
"""2018-01-16""",1.16
"""2018-01-17""",1.15
"""2018-01-18""",1.15
"""2018-01-21""",1.15
"""2018-01-22""",1.14
"""2018-01-23""",1.15
"""2018-01-24""",1.13
"""2018-01-25""",1.13
"""2018-01-28""",1.11
"""2018-01-29""",1.13
"""2018-01-30""",1.12
"""2018-01-31""",1.12
"""2018-02-01""",1.12
"""2018-02-04""",1.12
"""2018-02-05""",1.12
"""2018-02-06""",1.11
"""2018-02-07""",1.09
"""2018-02-08""",1.08
"""2018-02-11""",1.08
"""2018-02-12""",1.08
"""2018-02-13""",1.06
"""2018-02-14""",1.07
"""2018-02-15""",1.07
"""2018-02-18""",1.06
"""2018-02-19""",1.07
"""2018-02-20""",1.07
"""2018-02-21""",1.08
"""2018-02-22""",1.07
"""2018-02-25""",1.07
"""2018-02-26""",1.1
"""2018-02-27""",1.08
"""2018-02-28""",1.09
"""2018-03-01""",1.08
"""2018-03-04""",1.09
"""2018-03-05""",1.08
"""2018-03-06""",1.07
"""2018-03-07""",1.07
"""2018-03-08""",1.07
"""2018-03-11""",1.08
"""2018-03-12""",1.07
"""2018-03-13""",1.07
"""2018-03-14""",1.07
"""2018-03-15""",1.05
"""2018-03-18""",1.06
"""2018-03-19""",1.07
"""2018-03-20""",1.06
"""2018-03-21""",1.05
"""2018-03-22""",1.05
"""2018-03-25""",1.04
"""2018-03-26""",1.05
"""2018-03-27""",1.05
"""2018-03-28""",1.02
"""2018-03-29""",1.04
"""2018-04-01""",1.04
"""2018-04-02""",1.05
"""2018-04-03""",1.03
"""2018-04-04""",1.04
"""2018-04-05""",1.02
"""2018-04-08""",0.99
"""2018-04-09""",0.991
"""2018-04-10""",0.992
"""2018-04-11""",1.02
"""2018-04-12""",0.993
"""2018-04-15""",1.01
"""2018-04-16""",1.02
"""2018-04-17""",1
"""2018-04-18""",0.995
"""2018-04-19""",0.995
"""2018-04-22""",0.992
"""2018-04-23""",0.986
"""2018-04-24""",0.98
"""2018-04-25""",0.946
"""2018-04-26""",0.961
"""2018-04-29""",0.97
"""2018-04-30""",0.98
"""2018-05-01""",0.967
"""2018-05-02""",0.969
"""2018-05-03""",0.97
"""2018-05-06""",0.955
"""2018-05-07""",0.999
"""2018-05-08""",0.955
"""2018-05-09""",0.956
"""2018-05-10""",0.956
"""2018-05-13""",0.97
"""2018-05-14""",1
"""2018-05-15""",0.994
"""2018-05-16""",1.01
"""2018-05-17""",1.02
"""2018-05-20""",1.04
"""2018-05-21""",1.08
"""2018-05-22""",1.07
"""2018-05-23""",1.06
"""2018-05-24""",1.08
"""2018-05-27""",1.06
"""2018-05-28""",1.07
"""2018-05-29""",1.07
"""2018-05-30""",1.08
"""2018-05-31""",1.08
"""2018-06-03""",1.07
"""2018-06-04""",1.08
"""2018-06-05""",1.1
"""2018-06-06""",1.09
"""2018-06-07""",1.09
"""2018-06-10""",1.09
"""2018-06-11""",1.09
"""2018-06-12""",1.09
"""2018-06-13""",1.07
"""2018-06-14""",1.07
"""2018-06-18""",1.04
"""2018-06-19""",1.04
"""2018-06-20""",1.02
"""2018-06-21""",1.02
"""2018-06-24""",1.01
"""2018-06-25""",0.982
"""2018-06-26""",0.962
"""2018-06-27""",0.97
"""2018-06-28""",0.965
"""2018-07-01""",0.979
"""2018-07-02""",0.994
"""2018-07-03""",0.992
"""2018-07-04""",1.01
"""2018-07-05""",0.999
"""2018-07-08""",0.989
"""2018-07-09""",0.985
"""2018-07-10""",0.998
"""2018-07-11""",0.995
"""2018-07-12""",0.98
"""2018-07-15""",0.987
"""2018-07-16""",0.99
"""2018-07-17""",0.99
"""2018-07-18""",0.993
"""2018-07-19""",0.988
"""2018-07-22""",0.982
"""2018-07-23""",0.982
"""2018-07-24""",0.984
"""2018-07-25""",0.975
"""2018-07-26""",0.977
"""2018-07-29""",0.98
"""2018-07-30""",0.973
"""2018-07-31""",0.97
"""2018-08-01""",0.98
"""2018-08-02""",0.975
"""2018-08-05""",0.972
"""2018-08-06""",0.971
"""2018-08-07""",0.979
"""2018-08-08""",0.968
"""2018-08-09""",0.979
"""2018-08-12""",0.961
"""2018-08-13""",0.952
"""2018-08-14""",0.948
"""2018-08-15""",0.95
"""2018-08-16""",0.947
"""2018-08-19""",0.947
"""2018-08-26""",0.948
"""2018-08-27""",0.94
"""2018-08-28""",0.94
"""2018-08-29""",0.937
"""2018-08-30""",0.95
"""2018-09-02""",0.94
"""2018-09-03""",0.938
"""2018-09-04""",0.94
"""2018-09-05""",0.934
"""2018-09-06""",0.942
"""2018-09-09""",0.957
"""2018-09-10""",0.976
"""2018-09-11""",0.978
"""2018-09-12""",0.967
"""2018-09-16""",0.96
"""2018-09-17""",0.934
"""2018-09-18""",0.911
"""2018-09-19""",0.92
"""2018-09-20""",0.917
"""2018-09-23""",0.912
"""2018-09-24""",0.901
"""2018-09-25""",0.903
"""2018-09-26""",0.905
"""2018-09-27""",0.915
"""2018-09-30""",0.916
"""2018-10-01""",0.93
"""2018-10-02""",0.92
"""2018-10-03""",0.917
"""2018-10-04""",0.911
"""2018-10-07""",0.908
"""2018-10-08""",0.897
"""2018-10-09""",0.898
"""2018-10-10""",0.9
"""2018-10-11""",0.89
"""2018-10-14""",0.884
"""2018-10-15""",0.87
"""2018-10-16""",0.867
"""2018-10-17""",0.864
"""2018-10-18""",0.87
"""2018-10-21""",0.857
"""2018-10-22""",0.86
"""2018-10-23""",0.85
"""2018-10-24""",0.868
"""2018-10-25""",0.866
"""2018-10-28""",0.879
"""2018-10-29""",0.87
"""2018-10-30""",0.863
"""2018-10-31""",0.867
"""2018-11-01""",0.89
"""2018-11-04""",0.894
"""2018-11-05""",0.879
"""2018-11-06""",0.917
"""2018-11-07""",0.91
"""2018-11-08""",0.91
"""2018-11-11""",0.899
"""2018-11-12""",0.895
"""2018-11-13""",0.88
"""2018-11-14""",0.88
"""2018-11-15""",0.88
"""2018-11-19""",0.88
"""2018-11-20""",0.88
"""2018-11-21""",0.875
"""2018-11-22""",0.88
"""2018-11-25""",0.873
"""2018-11-26""",0.865
"""2018-11-27""",0.864
"""2018-11-28""",0.85
"""2018-11-29""",0.83
"""2018-12-04""",0.83
"""2018-12-05""",0.806
"""2018-12-06""",0.78
"""2018-12-09""",0.75
"""2018-12-10""",0.725
"""2018-12-11""",0.76
"""2018-12-12""",0.76
"""2018-12-13""",0.797
"""2018-12-16""",0.795
"""2018-12-17""",0.818
"""2018-12-18""",0.79
"""2018-12-19""",0.791
"""2018-12-20""",0.8
"""2018-12-23""",0.805
"""2018-12-24""",0.771
"""2018-12-25""",0.784
"""2018-12-26""",0.789
"""2018-12-27""",0.79
"""2018-12-30""",0.799
"""2018-12-31""",0.796
"""2019-01-02""",0.794
"""2019-01-03""",0.809
"""2019-01-06""",0.806
"""2019-01-07""",0.803
"""2019-01-08""",0.825
"""2019-01-09""",0.838
"""2019-01-10""",0.837
"""2019-01-13""",0.83
"""2019-01-14""",0.83
"""2019-01-15""",0.821
"""2019-01-16""",0.837
"""2019-01-17""",0.83
"""2019-01-20""",0.821
"""2019-01-21""",0.82
"""2019-01-22""",0.815
"""2019-01-23""",0.82
"""2019-01-24""",0.829
"""2019-01-27""",0.825
"""2019-01-28""",0.82
"""2019-01-29""",0.833
"""2019-01-30""",0.82
"""2019-01-31""",0.838
"""2019-02-03""",0.83
"""2019-02-04""",0.831
"""2019-02-05""",0.829
"""2019-02-06""",0.828
"""2019-02-07""",0.811
"""2019-02-10""",0.791
"""2019-02-11""",0.783
"""2019-02-12""",0.77
"""2019-02-13""",0.775
"""2019-02-14""",0.799
"""2019-02-17""",0.81
"""2019-02-18""",0.793
"""2019-02-19""",0.801
"""2019-02-20""",0.826
"""2019-02-21""",0.824
"""2019-02-24""",0.826
"""2019-02-25""",0.815
"""2019-02-26""",0.827
"""2019-02-27""",0.83
"""2019-02-28""",0.839
"""2019-03-03""",0.835
"""2019-03-04""",0.819
"""2019-03-05""",0.817
"""2019-03-06""",0.806
"""2019-03-07""",0.788
"""2019-03-10""",0.775
"""2019-03-11""",0.777
"""2019-03-12""",0.778
"""2019-03-13""",0.789
"""2019-03-14""",0.777
"""2019-03-17""",0.752
"""2019-03-18""",0.766
"""2019-03-19""",0.76
"""2019-03-20""",0.767
"""2019-03-21""",0.755
"""2019-03-24""",0.75
"""2019-03-25""",0.737
"""2019-03-26""",0.738
"""2019-03-27""",0.735
"""2019-03-28""",0.737
"""2019-03-31""",0.722
"""2019-04-01""",0.765
"""2019-04-02""",0.757
"""2019-04-03""",0.76
"""2019-04-04""",0.76
"""2019-04-07""",0.76
"""2019-04-08""",0.769
"""2019-04-09""",0.783
"""2019-04-10""",0.8
"""2019-04-11""",0.782
"""2019-04-14""",0.788
"""2019-04-15""",0.802
"""2019-04-16""",0.795
"""2019-04-17""",0.818
"""2019-04-18""",0.825
"""2019-04-21""",0.83
"""2019-04-22""",0.815
"""2019-04-23""",0.798
"""2019-04-24""",0.795
"""2019-04-25""",0.798
"""2019-04-28""",0.792
"""2019-04-29""",0.771
"""2019-04-30""",0.771
"""2019-05-01""",0.771
"""2019-05-02""",0.782
"""2019-05-05""",0.766
"""2019-05-06""",0.767
"""2019-05-07""",0.75
"""2019-05-08""",0.74
"""2019-05-09""",0.751
"""2019-05-12""",0.721
"""2019-05-13""",0.67
"""2019-05-14""",0.729
"""2019-05-15""",0.695
"""2019-05-16""",0.69
"""2019-05-19""",0.66
"""2019-05-20""",0.655
"""2019-05-21""",0.679
"""2019-05-22""",0.694
"""2019-05-23""",0.692
"""2019-05-26""",0.69
"""2019-05-27""",0.685
"""2019-05-28""",0.7
"""2019-05-29""",0.712
"""2019-05-30""",0.711
"""2019-06-09""",0.72
"""2019-06-10""",0.725
"""2019-06-11""",0.72
"""2019-06-12""",0.718
"""2019-06-13""",0.71
"""2019-06-16""",0.697
"""2019-06-17""",0.703
"""2019-06-18""",0.697
"""2019-06-19""",0.703
"""2019-06-20""",0.717
"""2019-06-23""",0.707
"""2019-06-24""",0.703
"""2019-06-25""",0.705
"""2019-06-26""",0.713
"""2019-06-27""",0.706
"""2019-06-30""",0.71
"""2019-07-01""",0.705
"""2019-07-02""",0.71
"""2019-07-03""",0.71
"""2019-07-04""",0.704
"""2019-07-07""",0.705
"""2019-07-08""",0.707
"""2019-07-09""",0.715
"""2019-07-10""",0.711
"""2019-07-11""",0.712
"""2019-07-14""",0.72
"""2019-07-15""",0.722
"""2019-07-16""",0.725
"""2019-07-17""",0.723
"""2019-07-18""",0.761
"""2019-07-21""",0.75
"""2019-07-22""",0.755
"""2019-07-23""",0.78
"""2019-07-24""",0.839
"""2019-07-25""",0.84
"""2019-07-28""",0.851
"""2019-07-29""",0.904
"""2019-07-30""",0.95
"""2019-07-31""",0.945
"""2019-08-01""",0.936
"""2019-08-04""",0.909
"""2019-08-05""",0.91
"""2019-08-06""",0.918
"""2019-08-07""",0.947
"""2019-08-08""",0.938
